{
 "cells": [
  {
   "cell_type": "markdown",
   "metadata": {},
   "source": [
    "# TSP Problem\n",
    "\n",
    "## 1. Defining a function to compute de distances between two gps coordinates."
   ]
  },
  {
   "cell_type": "code",
   "execution_count": 1,
   "metadata": {},
   "outputs": [],
   "source": [
    "from math import sin, cos, sqrt, atan2, radians\n",
    "\n",
    "def distance(x, y):\n",
    "    R = 6373.0\n",
    "    \n",
    "    lat1 = radians(selected_cities.loc[x,'lat'])\n",
    "    lon1 = radians(selected_cities.loc[x,'lng'])\n",
    "    lat2 = radians(selected_cities.loc[y,'lat'])\n",
    "    lon2 = radians(selected_cities.loc[y,'lng'])\n",
    "    \n",
    "    dlon = lon2 - lon1\n",
    "    dlat = lat2 - lat1\n",
    "    \n",
    "    a = sin(dlat / 2)**2 + cos(lat1) * cos(lat2) * sin(dlon / 2)**2\n",
    "    c = 2 * atan2(sqrt(a), sqrt(1 - a))\n",
    "    \n",
    "    distance = R * c\n",
    "    \n",
    "    return distance\n"
   ]
  },
  {
   "cell_type": "markdown",
   "metadata": {},
   "source": [
    "# 2. Importing a dataframe that contains latitude and longitude coordinates of 15,493 cities from around the world."
   ]
  },
  {
   "cell_type": "code",
   "execution_count": 2,
   "metadata": {},
   "outputs": [],
   "source": [
    "import pandas as pd\n",
    "cities_coordinates = pd.read_csv('worldcities.csv')"
   ]
  },
  {
   "cell_type": "markdown",
   "metadata": {},
   "source": [
    "# 3. Selecting a group of 22 big cities"
   ]
  },
  {
   "cell_type": "code",
   "execution_count": 3,
   "metadata": {},
   "outputs": [],
   "source": [
    "selected = ['Tokyo','New York','Mexico City','Rio de Janeiro','Los Angeles','Buenos Aires','Rome','Lisbon','Paris',\n",
    "            'Munich','Changping','Delhi','Sydney','Moscow','Istanbul','Cape Town','Madrid','Seoul','London','Bangkok',\n",
    "            'Toronto','Dubai']\n",
    "selected_cities = cities_coordinates.loc[cities_coordinates['city'].isin(selected),['city','country','lat','lng']]\n",
    "selected_cities.reset_index(inplace = True, drop = True)\n",
    "selected_cities = selected_cities.loc[0:21,:]\n",
    "selected_cities = selected_cities.drop('country', axis = 1)\n",
    "selected_cities.set_index('city', inplace = True)"
   ]
  },
  {
   "cell_type": "code",
   "execution_count": 4,
   "metadata": {},
   "outputs": [
    {
     "data": {
      "text/html": [
       "<div>\n",
       "<style scoped>\n",
       "    .dataframe tbody tr th:only-of-type {\n",
       "        vertical-align: middle;\n",
       "    }\n",
       "\n",
       "    .dataframe tbody tr th {\n",
       "        vertical-align: top;\n",
       "    }\n",
       "\n",
       "    .dataframe thead th {\n",
       "        text-align: right;\n",
       "    }\n",
       "</style>\n",
       "<table border=\"1\" class=\"dataframe\">\n",
       "  <thead>\n",
       "    <tr style=\"text-align: right;\">\n",
       "      <th></th>\n",
       "      <th>lat</th>\n",
       "      <th>lng</th>\n",
       "    </tr>\n",
       "    <tr>\n",
       "      <th>city</th>\n",
       "      <th></th>\n",
       "      <th></th>\n",
       "    </tr>\n",
       "  </thead>\n",
       "  <tbody>\n",
       "    <tr>\n",
       "      <th>Tokyo</th>\n",
       "      <td>35.6850</td>\n",
       "      <td>139.7514</td>\n",
       "    </tr>\n",
       "    <tr>\n",
       "      <th>New York</th>\n",
       "      <td>40.6943</td>\n",
       "      <td>-73.9249</td>\n",
       "    </tr>\n",
       "    <tr>\n",
       "      <th>Mexico City</th>\n",
       "      <td>19.4424</td>\n",
       "      <td>-99.1310</td>\n",
       "    </tr>\n",
       "    <tr>\n",
       "      <th>Delhi</th>\n",
       "      <td>28.6700</td>\n",
       "      <td>77.2300</td>\n",
       "    </tr>\n",
       "    <tr>\n",
       "      <th>Los Angeles</th>\n",
       "      <td>34.1139</td>\n",
       "      <td>-118.4068</td>\n",
       "    </tr>\n",
       "  </tbody>\n",
       "</table>\n",
       "</div>"
      ],
      "text/plain": [
       "                 lat       lng\n",
       "city                          \n",
       "Tokyo        35.6850  139.7514\n",
       "New York     40.6943  -73.9249\n",
       "Mexico City  19.4424  -99.1310\n",
       "Delhi        28.6700   77.2300\n",
       "Los Angeles  34.1139 -118.4068"
      ]
     },
     "execution_count": 4,
     "metadata": {},
     "output_type": "execute_result"
    }
   ],
   "source": [
    "selected_cities.head()"
   ]
  },
  {
   "cell_type": "markdown",
   "metadata": {},
   "source": [
    "# 4. Computing the distances between each of them."
   ]
  },
  {
   "cell_type": "code",
   "execution_count": 5,
   "metadata": {},
   "outputs": [],
   "source": [
    "distances = [[distance(i,j) for j in selected_cities.index] for i in selected_cities.index]"
   ]
  },
  {
   "cell_type": "code",
   "execution_count": 6,
   "metadata": {},
   "outputs": [
    {
     "data": {
      "text/plain": [
       "[[0.0,\n",
       "  10855.320013600822,\n",
       "  11304.727431559371,\n",
       "  5840.131576920694,\n",
       "  8797.88520699165,\n",
       "  18368.629222035954,\n",
       "  18573.246559916508,\n",
       "  7484.5082595119175,\n",
       "  8942.96682366261,\n",
       "  9717.796877525147,\n",
       "  1156.4285303517238,\n",
       "  9564.639921457201,\n",
       "  4608.435712435525,\n",
       "  10769.19825766056,\n",
       "  10343.741389870953,\n",
       "  7832.862666619557,\n",
       "  9861.377702966736,\n",
       "  14740.133835821753,\n",
       "  11149.127724029802,\n",
       "  7938.621263432612,\n",
       "  9376.775855407563,\n",
       "  2119.9723675371965],\n",
       " [10855.320013600822,\n",
       "  0.0,\n",
       "  3363.656236608712,\n",
       "  11752.266726762045,\n",
       "  3954.8693453650744,\n",
       "  8524.878307274934,\n",
       "  7755.903305095849,\n",
       "  7510.618707732704,\n",
       "  8063.647359122649,\n",
       "  5833.078466038981,\n",
       "  11059.478055671507,\n",
       "  5568.91669326485,\n",
       "  13938.45285835452,\n",
       "  5766.783311101193,\n",
       "  562.6535926093089,\n",
       "  16004.828376685657,\n",
       "  6886.9110637561225,\n",
       "  12562.237648874683,\n",
       "  5417.553124853494,\n",
       "  11006.425375185328,\n",
       "  6486.427250793698,\n",
       "  10962.674248502566],\n",
       " [11304.727431559371,\n",
       "  3363.656236608712,\n",
       "  0.0,\n",
       "  14655.569509697933,\n",
       "  2506.8661679672578,\n",
       "  7394.171356712795,\n",
       "  7682.96419760197,\n",
       "  10721.896103643036,\n",
       "  11424.26021906082,\n",
       "  9196.465248472146,\n",
       "  12053.335134559242,\n",
       "  8931.532725949899,\n",
       "  15748.249500714814,\n",
       "  9066.849700631776,\n",
       "  3263.0400004223898,\n",
       "  12980.49419410296,\n",
       "  10241.93050379415,\n",
       "  13705.805192689686,\n",
       "  8672.751455649593,\n",
       "  14333.489850498963,\n",
       "  9849.2160583103,\n",
       "  12442.996152128851],\n",
       " [5840.131576920694,\n",
       "  11752.266726762045,\n",
       "  14655.569509697933,\n",
       "  0.0,\n",
       "  12846.704868166653,\n",
       "  15801.570005275451,\n",
       "  14083.671917294028,\n",
       "  4339.850226319362,\n",
       "  4548.794946330855,\n",
       "  6587.088950771858,\n",
       "  4685.606705975853,\n",
       "  6709.706351856245,\n",
       "  2919.9557724990236,\n",
       "  7273.1247800660385,\n",
       "  11627.05854896058,\n",
       "  10434.75088750445,\n",
       "  5917.595843391332,\n",
       "  9311.476136318699,\n",
       "  7776.736925493264,\n",
       "  2206.436830501879,\n",
       "  5920.251042471851,\n",
       "  3762.7822852338304],\n",
       " [8797.88520699165,\n",
       "  3954.8693453650744,\n",
       "  2506.8661679672578,\n",
       "  12846.704868166653,\n",
       "  0.0,\n",
       "  9869.500712027342,\n",
       "  10160.095259974538,\n",
       "  9769.273116815775,\n",
       "  11015.015022884023,\n",
       "  9089.547540456799,\n",
       "  9571.782969650436,\n",
       "  8762.187141555638,\n",
       "  13291.43617330895,\n",
       "  9373.637370222978,\n",
       "  3502.628450472747,\n",
       "  12072.17200661047,\n",
       "  10194.890983868654,\n",
       "  16072.887598674972,\n",
       "  9130.004277214854,\n",
       "  13386.962447777078,\n",
       "  9611.669255836183,\n",
       "  10036.10507729176],\n",
       " [18368.629222035954,\n",
       "  8524.878307274934,\n",
       "  7394.171356712795,\n",
       "  15801.570005275451,\n",
       "  9869.500712027342,\n",
       "  0.0,\n",
       "  1964.2508653305583,\n",
       "  13480.411367762428,\n",
       "  12257.49548044704,\n",
       "  11054.08990131672,\n",
       "  19434.97588954745,\n",
       "  11131.926796590014,\n",
       "  16880.13428839896,\n",
       "  10048.674279082841,\n",
       "  8966.353943504897,\n",
       "  11800.05136948342,\n",
       "  11154.666375232513,\n",
       "  6874.439911086353,\n",
       "  9602.99820635534,\n",
       "  13654.25377477011,\n",
       "  11520.709609072557,\n",
       "  19234.733438263156],\n",
       " [18573.246559916508,\n",
       "  7755.903305095849,\n",
       "  7682.96419760197,\n",
       "  14083.671917294028,\n",
       "  10160.095259974538,\n",
       "  1964.2508653305583,\n",
       "  0.0,\n",
       "  11551.856666842885,\n",
       "  10293.383512284368,\n",
       "  9174.529746322693,\n",
       "  18144.093199837705,\n",
       "  9284.2960254711,\n",
       "  16071.110028519539,\n",
       "  8146.061806132415,\n",
       "  8279.97385923377,\n",
       "  13517.13344201119,\n",
       "  9204.68526560016,\n",
       "  6066.178353614746,\n",
       "  7721.794907396321,\n",
       "  11880.84226561087,\n",
       "  9600.721549085318,\n",
       "  17295.020481814503],\n",
       " [7484.5082595119175,\n",
       "  7510.618707732704,\n",
       "  10721.896103643036,\n",
       "  4339.850226319362,\n",
       "  9769.273116815775,\n",
       "  13480.411367762428,\n",
       "  11551.856666842885,\n",
       "  0.0,\n",
       "  1745.4729862866918,\n",
       "  2487.4922848029773,\n",
       "  6609.1214361846105,\n",
       "  2500.9095233368485,\n",
       "  7068.162462187589,\n",
       "  3441.273715610707,\n",
       "  7484.06075897276,\n",
       "  14503.485699980849,\n",
       "  2377.0603663269017,\n",
       "  10139.446074973717,\n",
       "  3907.259220278726,\n",
       "  3685.0890544534577,\n",
       "  1960.9744696169566,\n",
       "  5757.703706098555],\n",
       " [8942.96682366261,\n",
       "  8063.647359122649,\n",
       "  11424.26021906082,\n",
       "  4548.794946330855,\n",
       "  11015.015022884023,\n",
       "  12257.49548044704,\n",
       "  10293.383512284368,\n",
       "  1745.4729862866918,\n",
       "  0.0,\n",
       "  2254.5143197673992,\n",
       "  7949.529550782769,\n",
       "  2496.137354247121,\n",
       "  7468.366139238619,\n",
       "  2739.634890066161,\n",
       "  8188.845143010908,\n",
       "  14950.854887299005,\n",
       "  1377.4379304515644,\n",
       "  8414.977078629827,\n",
       "  3239.9224273826,\n",
       "  2996.8136123437603,\n",
       "  1580.9648492321037,\n",
       "  7015.790976606338],\n",
       " [9717.796877525147,\n",
       "  5833.078466038981,\n",
       "  9196.465248472146,\n",
       "  6587.088950771858,\n",
       "  9089.547540456799,\n",
       "  11054.08990131672,\n",
       "  9174.529746322693,\n",
       "  2487.4922848029773,\n",
       "  2254.5143197673992,\n",
       "  0.0,\n",
       "  8969.686876148171,\n",
       "  340.89588059397767,\n",
       "  9448.683694003454,\n",
       "  1054.501031917633,\n",
       "  6000.19258420636,\n",
       "  16968.90076889732,\n",
       "  1107.241441985245,\n",
       "  9345.73274059363,\n",
       "  1453.5012755030025,\n",
       "  5248.635301589656,\n",
       "  685.6432431839502,\n",
       "  8180.648571401621],\n",
       " [1156.4285303517238,\n",
       "  11059.478055671507,\n",
       "  12053.335134559242,\n",
       "  4685.606705975853,\n",
       "  9571.782969650436,\n",
       "  19434.97588954745,\n",
       "  18144.093199837705,\n",
       "  6609.1214361846105,\n",
       "  7949.529550782769,\n",
       "  8969.686876148171,\n",
       "  0.0,\n",
       "  8861.254905170572,\n",
       "  3724.2726094103677,\n",
       "  10000.152989529333,\n",
       "  10597.77542233241,\n",
       "  8335.788780610588,\n",
       "  8971.730572980825,\n",
       "  13719.304578361369,\n",
       "  10422.311286504006,\n",
       "  6785.189313467953,\n",
       "  8552.142449090074,\n",
       "  980.2753228657789],\n",
       " [9564.639921457201,\n",
       "  5568.91669326485,\n",
       "  8931.532725949899,\n",
       "  6709.706351856245,\n",
       "  8762.187141555638,\n",
       "  11131.926796590014,\n",
       "  9284.2960254711,\n",
       "  2500.9095233368485,\n",
       "  2496.137354247121,\n",
       "  340.89588059397767,\n",
       "  8861.254905170572,\n",
       "  0.0,\n",
       "  9535.84742758449,\n",
       "  1264.6869292003278,\n",
       "  5714.392902956766,\n",
       "  17001.84888065775,\n",
       "  1433.0465921029077,\n",
       "  9672.70505839548,\n",
       "  1585.3040822421588,\n",
       "  5472.806023409472,\n",
       "  917.7054236009783,\n",
       "  8104.090783411458],\n",
       " [4608.435712435525,\n",
       "  13938.45285835452,\n",
       "  15748.249500714814,\n",
       "  2919.9557724990236,\n",
       "  13291.43617330895,\n",
       "  16880.13428839896,\n",
       "  16071.110028519539,\n",
       "  7068.162462187589,\n",
       "  7468.366139238619,\n",
       "  9448.683694003454,\n",
       "  3724.2726094103677,\n",
       "  9535.84742758449,\n",
       "  0.0,\n",
       "  10185.380592534926,\n",
       "  13631.212811786298,\n",
       "  7538.682906670525,\n",
       "  8834.346071211565,\n",
       "  10148.322310285943,\n",
       "  10689.38286456124,\n",
       "  4887.466447643187,\n",
       "  8799.090345230703,\n",
       "  3317.5506356668334],\n",
       " [10769.19825766056,\n",
       "  5766.783311101193,\n",
       "  9066.849700631776,\n",
       "  7273.1247800660385,\n",
       "  9373.637370222978,\n",
       "  10048.674279082841,\n",
       "  8146.061806132415,\n",
       "  3441.273715610707,\n",
       "  2739.634890066161,\n",
       "  1054.501031917633,\n",
       "  10000.152989529333,\n",
       "  1264.6869292003278,\n",
       "  10185.380592534926,\n",
       "  0.0,\n",
       "  6040.704750069622,\n",
       "  17689.267281740475,\n",
       "  1362.203355158823,\n",
       "  8572.49503571376,\n",
       "  504.01213389578317,\n",
       "  5655.278704948672,\n",
       "  1484.428430151464,\n",
       "  9186.917980722843],\n",
       " [10343.741389870953,\n",
       "  562.6535926093089,\n",
       "  3263.0400004223898,\n",
       "  11627.05854896058,\n",
       "  3502.628450472747,\n",
       "  8966.353943504897,\n",
       "  8279.97385923377,\n",
       "  7484.06075897276,\n",
       "  8188.845143010908,\n",
       "  6000.19258420636,\n",
       "  10597.77542233241,\n",
       "  5714.392902956766,\n",
       "  13631.212811786298,\n",
       "  6040.704750069622,\n",
       "  0.0,\n",
       "  15574.599452115946,\n",
       "  7082.401572481934,\n",
       "  13111.092285299877,\n",
       "  5728.041328052106,\n",
       "  11070.477230840905,\n",
       "  6628.859755730717,\n",
       "  10556.00064486421],\n",
       " [7832.862666619557,\n",
       "  16004.828376685657,\n",
       "  12980.49419410296,\n",
       "  10434.75088750445,\n",
       "  12072.17200661047,\n",
       "  11800.05136948342,\n",
       "  13517.13344201119,\n",
       "  14503.485699980849,\n",
       "  14950.854887299005,\n",
       "  16968.90076889732,\n",
       "  8335.788780610588,\n",
       "  17001.84888065775,\n",
       "  7538.682906670525,\n",
       "  17689.267281740475,\n",
       "  15574.599452115946,\n",
       "  0.0,\n",
       "  16327.7941022356,\n",
       "  11009.074019526175,\n",
       "  18183.638770860875,\n",
       "  12053.584012899411,\n",
       "  16335.865726507147,\n",
       "  8995.099261249037],\n",
       " [9861.377702966736,\n",
       "  6886.9110637561225,\n",
       "  10241.93050379415,\n",
       "  5917.595843391332,\n",
       "  10194.890983868654,\n",
       "  11154.666375232513,\n",
       "  9204.68526560016,\n",
       "  2377.0603663269017,\n",
       "  1377.4379304515644,\n",
       "  1107.241441985245,\n",
       "  8971.730572980825,\n",
       "  1433.0465921029077,\n",
       "  8834.346071211565,\n",
       "  1362.203355158823,\n",
       "  7082.401572481934,\n",
       "  16327.7941022356,\n",
       "  0.0,\n",
       "  8454.87780798204,\n",
       "  1862.9062546292728,\n",
       "  4321.93409924972,\n",
       "  697.0498939662319,\n",
       "  8092.00956230115],\n",
       " [14740.133835821753,\n",
       "  12562.237648874683,\n",
       "  13705.805192689686,\n",
       "  9311.476136318699,\n",
       "  16072.887598674972,\n",
       "  6874.439911086353,\n",
       "  6066.178353614746,\n",
       "  10139.446074973717,\n",
       "  8414.977078629827,\n",
       "  9345.73274059363,\n",
       "  13719.304578361369,\n",
       "  9672.70505839548,\n",
       "  10148.322310285943,\n",
       "  8572.49503571376,\n",
       "  13111.092285299877,\n",
       "  11009.074019526175,\n",
       "  8454.87780798204,\n",
       "  0.0,\n",
       "  8565.934384148828,\n",
       "  7644.188272056643,\n",
       "  9151.904289546623,\n",
       "  12956.255224601884],\n",
       " [11149.127724029802,\n",
       "  5417.553124853494,\n",
       "  8672.751455649593,\n",
       "  7776.736925493264,\n",
       "  9130.004277214854,\n",
       "  9602.99820635534,\n",
       "  7721.794907396321,\n",
       "  3907.259220278726,\n",
       "  3239.9224273826,\n",
       "  1453.5012755030025,\n",
       "  10422.311286504006,\n",
       "  1585.3040822421588,\n",
       "  10689.38286456124,\n",
       "  504.01213389578317,\n",
       "  5728.041328052106,\n",
       "  18183.638770860875,\n",
       "  1862.9062546292728,\n",
       "  8565.934384148828,\n",
       "  0.0,\n",
       "  6135.225995142852,\n",
       "  1964.3598203672377,\n",
       "  9631.771682269977],\n",
       " [7938.621263432612,\n",
       "  11006.425375185328,\n",
       "  14333.489850498963,\n",
       "  2206.436830501879,\n",
       "  13386.962447777078,\n",
       "  13654.25377477011,\n",
       "  11880.84226561087,\n",
       "  3685.0890544534577,\n",
       "  2996.8136123437603,\n",
       "  5248.635301589656,\n",
       "  6785.189313467953,\n",
       "  5472.806023409472,\n",
       "  4887.466447643187,\n",
       "  5655.278704948672,\n",
       "  11070.477230840905,\n",
       "  12053.584012899411,\n",
       "  4321.93409924972,\n",
       "  7644.188272056643,\n",
       "  6135.225995142852,\n",
       "  0.0,\n",
       "  4568.428865783172,\n",
       "  5821.405907370152],\n",
       " [9376.775855407563,\n",
       "  6486.427250793698,\n",
       "  9849.2160583103,\n",
       "  5920.251042471851,\n",
       "  9611.669255836183,\n",
       "  11520.709609072557,\n",
       "  9600.721549085318,\n",
       "  1960.9744696169566,\n",
       "  1580.9648492321037,\n",
       "  685.6432431839502,\n",
       "  8552.142449090074,\n",
       "  917.7054236009783,\n",
       "  8799.090345230703,\n",
       "  1484.428430151464,\n",
       "  6628.859755730717,\n",
       "  16335.865726507147,\n",
       "  697.0498939662319,\n",
       "  9151.904289546623,\n",
       "  1964.3598203672377,\n",
       "  4568.428865783172,\n",
       "  0.0,\n",
       "  7716.434071123879],\n",
       " [2119.9723675371965,\n",
       "  10962.674248502566,\n",
       "  12442.996152128851,\n",
       "  3762.7822852338304,\n",
       "  10036.10507729176,\n",
       "  19234.733438263156,\n",
       "  17295.020481814503,\n",
       "  5757.703706098555,\n",
       "  7015.790976606338,\n",
       "  8180.648571401621,\n",
       "  980.2753228657789,\n",
       "  8104.090783411458,\n",
       "  3317.5506356668334,\n",
       "  9186.917980722843,\n",
       "  10556.00064486421,\n",
       "  8995.099261249037,\n",
       "  8092.00956230115,\n",
       "  12956.255224601884,\n",
       "  9631.771682269977,\n",
       "  5821.405907370152,\n",
       "  7716.434071123879,\n",
       "  0.0]]"
      ]
     },
     "execution_count": 6,
     "metadata": {},
     "output_type": "execute_result"
    }
   ],
   "source": [
    "distances"
   ]
  },
  {
   "cell_type": "code",
   "execution_count": 21,
   "metadata": {},
   "outputs": [
    {
     "data": {
      "text/plain": [
       "3363.656236608712"
      ]
     },
     "execution_count": 21,
     "metadata": {},
     "output_type": "execute_result"
    }
   ],
   "source": [
    "distances[1][2]"
   ]
  },
  {
   "cell_type": "code",
   "execution_count": 7,
   "metadata": {},
   "outputs": [],
   "source": [
    "df = pd.DataFrame.from_records(distances)"
   ]
  },
  {
   "cell_type": "code",
   "execution_count": 8,
   "metadata": {},
   "outputs": [
    {
     "data": {
      "text/html": [
       "<div>\n",
       "<style scoped>\n",
       "    .dataframe tbody tr th:only-of-type {\n",
       "        vertical-align: middle;\n",
       "    }\n",
       "\n",
       "    .dataframe tbody tr th {\n",
       "        vertical-align: top;\n",
       "    }\n",
       "\n",
       "    .dataframe thead th {\n",
       "        text-align: right;\n",
       "    }\n",
       "</style>\n",
       "<table border=\"1\" class=\"dataframe\">\n",
       "  <thead>\n",
       "    <tr style=\"text-align: right;\">\n",
       "      <th></th>\n",
       "      <th>0</th>\n",
       "      <th>1</th>\n",
       "      <th>2</th>\n",
       "      <th>3</th>\n",
       "      <th>4</th>\n",
       "      <th>5</th>\n",
       "      <th>6</th>\n",
       "      <th>7</th>\n",
       "      <th>8</th>\n",
       "      <th>9</th>\n",
       "      <th>...</th>\n",
       "      <th>12</th>\n",
       "      <th>13</th>\n",
       "      <th>14</th>\n",
       "      <th>15</th>\n",
       "      <th>16</th>\n",
       "      <th>17</th>\n",
       "      <th>18</th>\n",
       "      <th>19</th>\n",
       "      <th>20</th>\n",
       "      <th>21</th>\n",
       "    </tr>\n",
       "  </thead>\n",
       "  <tbody>\n",
       "    <tr>\n",
       "      <th>0</th>\n",
       "      <td>0.000000</td>\n",
       "      <td>10855.320014</td>\n",
       "      <td>11304.727432</td>\n",
       "      <td>5840.131577</td>\n",
       "      <td>8797.885207</td>\n",
       "      <td>18368.629222</td>\n",
       "      <td>18573.246560</td>\n",
       "      <td>7484.508260</td>\n",
       "      <td>8942.966824</td>\n",
       "      <td>9717.796878</td>\n",
       "      <td>...</td>\n",
       "      <td>4608.435712</td>\n",
       "      <td>10769.198258</td>\n",
       "      <td>10343.741390</td>\n",
       "      <td>7832.862667</td>\n",
       "      <td>9861.377703</td>\n",
       "      <td>14740.133836</td>\n",
       "      <td>11149.127724</td>\n",
       "      <td>7938.621263</td>\n",
       "      <td>9376.775855</td>\n",
       "      <td>2119.972368</td>\n",
       "    </tr>\n",
       "    <tr>\n",
       "      <th>1</th>\n",
       "      <td>10855.320014</td>\n",
       "      <td>0.000000</td>\n",
       "      <td>3363.656237</td>\n",
       "      <td>11752.266727</td>\n",
       "      <td>3954.869345</td>\n",
       "      <td>8524.878307</td>\n",
       "      <td>7755.903305</td>\n",
       "      <td>7510.618708</td>\n",
       "      <td>8063.647359</td>\n",
       "      <td>5833.078466</td>\n",
       "      <td>...</td>\n",
       "      <td>13938.452858</td>\n",
       "      <td>5766.783311</td>\n",
       "      <td>562.653593</td>\n",
       "      <td>16004.828377</td>\n",
       "      <td>6886.911064</td>\n",
       "      <td>12562.237649</td>\n",
       "      <td>5417.553125</td>\n",
       "      <td>11006.425375</td>\n",
       "      <td>6486.427251</td>\n",
       "      <td>10962.674249</td>\n",
       "    </tr>\n",
       "    <tr>\n",
       "      <th>2</th>\n",
       "      <td>11304.727432</td>\n",
       "      <td>3363.656237</td>\n",
       "      <td>0.000000</td>\n",
       "      <td>14655.569510</td>\n",
       "      <td>2506.866168</td>\n",
       "      <td>7394.171357</td>\n",
       "      <td>7682.964198</td>\n",
       "      <td>10721.896104</td>\n",
       "      <td>11424.260219</td>\n",
       "      <td>9196.465248</td>\n",
       "      <td>...</td>\n",
       "      <td>15748.249501</td>\n",
       "      <td>9066.849701</td>\n",
       "      <td>3263.040000</td>\n",
       "      <td>12980.494194</td>\n",
       "      <td>10241.930504</td>\n",
       "      <td>13705.805193</td>\n",
       "      <td>8672.751456</td>\n",
       "      <td>14333.489850</td>\n",
       "      <td>9849.216058</td>\n",
       "      <td>12442.996152</td>\n",
       "    </tr>\n",
       "    <tr>\n",
       "      <th>3</th>\n",
       "      <td>5840.131577</td>\n",
       "      <td>11752.266727</td>\n",
       "      <td>14655.569510</td>\n",
       "      <td>0.000000</td>\n",
       "      <td>12846.704868</td>\n",
       "      <td>15801.570005</td>\n",
       "      <td>14083.671917</td>\n",
       "      <td>4339.850226</td>\n",
       "      <td>4548.794946</td>\n",
       "      <td>6587.088951</td>\n",
       "      <td>...</td>\n",
       "      <td>2919.955772</td>\n",
       "      <td>7273.124780</td>\n",
       "      <td>11627.058549</td>\n",
       "      <td>10434.750888</td>\n",
       "      <td>5917.595843</td>\n",
       "      <td>9311.476136</td>\n",
       "      <td>7776.736925</td>\n",
       "      <td>2206.436831</td>\n",
       "      <td>5920.251042</td>\n",
       "      <td>3762.782285</td>\n",
       "    </tr>\n",
       "    <tr>\n",
       "      <th>4</th>\n",
       "      <td>8797.885207</td>\n",
       "      <td>3954.869345</td>\n",
       "      <td>2506.866168</td>\n",
       "      <td>12846.704868</td>\n",
       "      <td>0.000000</td>\n",
       "      <td>9869.500712</td>\n",
       "      <td>10160.095260</td>\n",
       "      <td>9769.273117</td>\n",
       "      <td>11015.015023</td>\n",
       "      <td>9089.547540</td>\n",
       "      <td>...</td>\n",
       "      <td>13291.436173</td>\n",
       "      <td>9373.637370</td>\n",
       "      <td>3502.628450</td>\n",
       "      <td>12072.172007</td>\n",
       "      <td>10194.890984</td>\n",
       "      <td>16072.887599</td>\n",
       "      <td>9130.004277</td>\n",
       "      <td>13386.962448</td>\n",
       "      <td>9611.669256</td>\n",
       "      <td>10036.105077</td>\n",
       "    </tr>\n",
       "    <tr>\n",
       "      <th>5</th>\n",
       "      <td>18368.629222</td>\n",
       "      <td>8524.878307</td>\n",
       "      <td>7394.171357</td>\n",
       "      <td>15801.570005</td>\n",
       "      <td>9869.500712</td>\n",
       "      <td>0.000000</td>\n",
       "      <td>1964.250865</td>\n",
       "      <td>13480.411368</td>\n",
       "      <td>12257.495480</td>\n",
       "      <td>11054.089901</td>\n",
       "      <td>...</td>\n",
       "      <td>16880.134288</td>\n",
       "      <td>10048.674279</td>\n",
       "      <td>8966.353944</td>\n",
       "      <td>11800.051369</td>\n",
       "      <td>11154.666375</td>\n",
       "      <td>6874.439911</td>\n",
       "      <td>9602.998206</td>\n",
       "      <td>13654.253775</td>\n",
       "      <td>11520.709609</td>\n",
       "      <td>19234.733438</td>\n",
       "    </tr>\n",
       "    <tr>\n",
       "      <th>6</th>\n",
       "      <td>18573.246560</td>\n",
       "      <td>7755.903305</td>\n",
       "      <td>7682.964198</td>\n",
       "      <td>14083.671917</td>\n",
       "      <td>10160.095260</td>\n",
       "      <td>1964.250865</td>\n",
       "      <td>0.000000</td>\n",
       "      <td>11551.856667</td>\n",
       "      <td>10293.383512</td>\n",
       "      <td>9174.529746</td>\n",
       "      <td>...</td>\n",
       "      <td>16071.110029</td>\n",
       "      <td>8146.061806</td>\n",
       "      <td>8279.973859</td>\n",
       "      <td>13517.133442</td>\n",
       "      <td>9204.685266</td>\n",
       "      <td>6066.178354</td>\n",
       "      <td>7721.794907</td>\n",
       "      <td>11880.842266</td>\n",
       "      <td>9600.721549</td>\n",
       "      <td>17295.020482</td>\n",
       "    </tr>\n",
       "    <tr>\n",
       "      <th>7</th>\n",
       "      <td>7484.508260</td>\n",
       "      <td>7510.618708</td>\n",
       "      <td>10721.896104</td>\n",
       "      <td>4339.850226</td>\n",
       "      <td>9769.273117</td>\n",
       "      <td>13480.411368</td>\n",
       "      <td>11551.856667</td>\n",
       "      <td>0.000000</td>\n",
       "      <td>1745.472986</td>\n",
       "      <td>2487.492285</td>\n",
       "      <td>...</td>\n",
       "      <td>7068.162462</td>\n",
       "      <td>3441.273716</td>\n",
       "      <td>7484.060759</td>\n",
       "      <td>14503.485700</td>\n",
       "      <td>2377.060366</td>\n",
       "      <td>10139.446075</td>\n",
       "      <td>3907.259220</td>\n",
       "      <td>3685.089054</td>\n",
       "      <td>1960.974470</td>\n",
       "      <td>5757.703706</td>\n",
       "    </tr>\n",
       "    <tr>\n",
       "      <th>8</th>\n",
       "      <td>8942.966824</td>\n",
       "      <td>8063.647359</td>\n",
       "      <td>11424.260219</td>\n",
       "      <td>4548.794946</td>\n",
       "      <td>11015.015023</td>\n",
       "      <td>12257.495480</td>\n",
       "      <td>10293.383512</td>\n",
       "      <td>1745.472986</td>\n",
       "      <td>0.000000</td>\n",
       "      <td>2254.514320</td>\n",
       "      <td>...</td>\n",
       "      <td>7468.366139</td>\n",
       "      <td>2739.634890</td>\n",
       "      <td>8188.845143</td>\n",
       "      <td>14950.854887</td>\n",
       "      <td>1377.437930</td>\n",
       "      <td>8414.977079</td>\n",
       "      <td>3239.922427</td>\n",
       "      <td>2996.813612</td>\n",
       "      <td>1580.964849</td>\n",
       "      <td>7015.790977</td>\n",
       "    </tr>\n",
       "    <tr>\n",
       "      <th>9</th>\n",
       "      <td>9717.796878</td>\n",
       "      <td>5833.078466</td>\n",
       "      <td>9196.465248</td>\n",
       "      <td>6587.088951</td>\n",
       "      <td>9089.547540</td>\n",
       "      <td>11054.089901</td>\n",
       "      <td>9174.529746</td>\n",
       "      <td>2487.492285</td>\n",
       "      <td>2254.514320</td>\n",
       "      <td>0.000000</td>\n",
       "      <td>...</td>\n",
       "      <td>9448.683694</td>\n",
       "      <td>1054.501032</td>\n",
       "      <td>6000.192584</td>\n",
       "      <td>16968.900769</td>\n",
       "      <td>1107.241442</td>\n",
       "      <td>9345.732741</td>\n",
       "      <td>1453.501276</td>\n",
       "      <td>5248.635302</td>\n",
       "      <td>685.643243</td>\n",
       "      <td>8180.648571</td>\n",
       "    </tr>\n",
       "    <tr>\n",
       "      <th>10</th>\n",
       "      <td>1156.428530</td>\n",
       "      <td>11059.478056</td>\n",
       "      <td>12053.335135</td>\n",
       "      <td>4685.606706</td>\n",
       "      <td>9571.782970</td>\n",
       "      <td>19434.975890</td>\n",
       "      <td>18144.093200</td>\n",
       "      <td>6609.121436</td>\n",
       "      <td>7949.529551</td>\n",
       "      <td>8969.686876</td>\n",
       "      <td>...</td>\n",
       "      <td>3724.272609</td>\n",
       "      <td>10000.152990</td>\n",
       "      <td>10597.775422</td>\n",
       "      <td>8335.788781</td>\n",
       "      <td>8971.730573</td>\n",
       "      <td>13719.304578</td>\n",
       "      <td>10422.311287</td>\n",
       "      <td>6785.189313</td>\n",
       "      <td>8552.142449</td>\n",
       "      <td>980.275323</td>\n",
       "    </tr>\n",
       "    <tr>\n",
       "      <th>11</th>\n",
       "      <td>9564.639921</td>\n",
       "      <td>5568.916693</td>\n",
       "      <td>8931.532726</td>\n",
       "      <td>6709.706352</td>\n",
       "      <td>8762.187142</td>\n",
       "      <td>11131.926797</td>\n",
       "      <td>9284.296025</td>\n",
       "      <td>2500.909523</td>\n",
       "      <td>2496.137354</td>\n",
       "      <td>340.895881</td>\n",
       "      <td>...</td>\n",
       "      <td>9535.847428</td>\n",
       "      <td>1264.686929</td>\n",
       "      <td>5714.392903</td>\n",
       "      <td>17001.848881</td>\n",
       "      <td>1433.046592</td>\n",
       "      <td>9672.705058</td>\n",
       "      <td>1585.304082</td>\n",
       "      <td>5472.806023</td>\n",
       "      <td>917.705424</td>\n",
       "      <td>8104.090783</td>\n",
       "    </tr>\n",
       "    <tr>\n",
       "      <th>12</th>\n",
       "      <td>4608.435712</td>\n",
       "      <td>13938.452858</td>\n",
       "      <td>15748.249501</td>\n",
       "      <td>2919.955772</td>\n",
       "      <td>13291.436173</td>\n",
       "      <td>16880.134288</td>\n",
       "      <td>16071.110029</td>\n",
       "      <td>7068.162462</td>\n",
       "      <td>7468.366139</td>\n",
       "      <td>9448.683694</td>\n",
       "      <td>...</td>\n",
       "      <td>0.000000</td>\n",
       "      <td>10185.380593</td>\n",
       "      <td>13631.212812</td>\n",
       "      <td>7538.682907</td>\n",
       "      <td>8834.346071</td>\n",
       "      <td>10148.322310</td>\n",
       "      <td>10689.382865</td>\n",
       "      <td>4887.466448</td>\n",
       "      <td>8799.090345</td>\n",
       "      <td>3317.550636</td>\n",
       "    </tr>\n",
       "    <tr>\n",
       "      <th>13</th>\n",
       "      <td>10769.198258</td>\n",
       "      <td>5766.783311</td>\n",
       "      <td>9066.849701</td>\n",
       "      <td>7273.124780</td>\n",
       "      <td>9373.637370</td>\n",
       "      <td>10048.674279</td>\n",
       "      <td>8146.061806</td>\n",
       "      <td>3441.273716</td>\n",
       "      <td>2739.634890</td>\n",
       "      <td>1054.501032</td>\n",
       "      <td>...</td>\n",
       "      <td>10185.380593</td>\n",
       "      <td>0.000000</td>\n",
       "      <td>6040.704750</td>\n",
       "      <td>17689.267282</td>\n",
       "      <td>1362.203355</td>\n",
       "      <td>8572.495036</td>\n",
       "      <td>504.012134</td>\n",
       "      <td>5655.278705</td>\n",
       "      <td>1484.428430</td>\n",
       "      <td>9186.917981</td>\n",
       "    </tr>\n",
       "    <tr>\n",
       "      <th>14</th>\n",
       "      <td>10343.741390</td>\n",
       "      <td>562.653593</td>\n",
       "      <td>3263.040000</td>\n",
       "      <td>11627.058549</td>\n",
       "      <td>3502.628450</td>\n",
       "      <td>8966.353944</td>\n",
       "      <td>8279.973859</td>\n",
       "      <td>7484.060759</td>\n",
       "      <td>8188.845143</td>\n",
       "      <td>6000.192584</td>\n",
       "      <td>...</td>\n",
       "      <td>13631.212812</td>\n",
       "      <td>6040.704750</td>\n",
       "      <td>0.000000</td>\n",
       "      <td>15574.599452</td>\n",
       "      <td>7082.401572</td>\n",
       "      <td>13111.092285</td>\n",
       "      <td>5728.041328</td>\n",
       "      <td>11070.477231</td>\n",
       "      <td>6628.859756</td>\n",
       "      <td>10556.000645</td>\n",
       "    </tr>\n",
       "    <tr>\n",
       "      <th>15</th>\n",
       "      <td>7832.862667</td>\n",
       "      <td>16004.828377</td>\n",
       "      <td>12980.494194</td>\n",
       "      <td>10434.750888</td>\n",
       "      <td>12072.172007</td>\n",
       "      <td>11800.051369</td>\n",
       "      <td>13517.133442</td>\n",
       "      <td>14503.485700</td>\n",
       "      <td>14950.854887</td>\n",
       "      <td>16968.900769</td>\n",
       "      <td>...</td>\n",
       "      <td>7538.682907</td>\n",
       "      <td>17689.267282</td>\n",
       "      <td>15574.599452</td>\n",
       "      <td>0.000000</td>\n",
       "      <td>16327.794102</td>\n",
       "      <td>11009.074020</td>\n",
       "      <td>18183.638771</td>\n",
       "      <td>12053.584013</td>\n",
       "      <td>16335.865727</td>\n",
       "      <td>8995.099261</td>\n",
       "    </tr>\n",
       "    <tr>\n",
       "      <th>16</th>\n",
       "      <td>9861.377703</td>\n",
       "      <td>6886.911064</td>\n",
       "      <td>10241.930504</td>\n",
       "      <td>5917.595843</td>\n",
       "      <td>10194.890984</td>\n",
       "      <td>11154.666375</td>\n",
       "      <td>9204.685266</td>\n",
       "      <td>2377.060366</td>\n",
       "      <td>1377.437930</td>\n",
       "      <td>1107.241442</td>\n",
       "      <td>...</td>\n",
       "      <td>8834.346071</td>\n",
       "      <td>1362.203355</td>\n",
       "      <td>7082.401572</td>\n",
       "      <td>16327.794102</td>\n",
       "      <td>0.000000</td>\n",
       "      <td>8454.877808</td>\n",
       "      <td>1862.906255</td>\n",
       "      <td>4321.934099</td>\n",
       "      <td>697.049894</td>\n",
       "      <td>8092.009562</td>\n",
       "    </tr>\n",
       "    <tr>\n",
       "      <th>17</th>\n",
       "      <td>14740.133836</td>\n",
       "      <td>12562.237649</td>\n",
       "      <td>13705.805193</td>\n",
       "      <td>9311.476136</td>\n",
       "      <td>16072.887599</td>\n",
       "      <td>6874.439911</td>\n",
       "      <td>6066.178354</td>\n",
       "      <td>10139.446075</td>\n",
       "      <td>8414.977079</td>\n",
       "      <td>9345.732741</td>\n",
       "      <td>...</td>\n",
       "      <td>10148.322310</td>\n",
       "      <td>8572.495036</td>\n",
       "      <td>13111.092285</td>\n",
       "      <td>11009.074020</td>\n",
       "      <td>8454.877808</td>\n",
       "      <td>0.000000</td>\n",
       "      <td>8565.934384</td>\n",
       "      <td>7644.188272</td>\n",
       "      <td>9151.904290</td>\n",
       "      <td>12956.255225</td>\n",
       "    </tr>\n",
       "    <tr>\n",
       "      <th>18</th>\n",
       "      <td>11149.127724</td>\n",
       "      <td>5417.553125</td>\n",
       "      <td>8672.751456</td>\n",
       "      <td>7776.736925</td>\n",
       "      <td>9130.004277</td>\n",
       "      <td>9602.998206</td>\n",
       "      <td>7721.794907</td>\n",
       "      <td>3907.259220</td>\n",
       "      <td>3239.922427</td>\n",
       "      <td>1453.501276</td>\n",
       "      <td>...</td>\n",
       "      <td>10689.382865</td>\n",
       "      <td>504.012134</td>\n",
       "      <td>5728.041328</td>\n",
       "      <td>18183.638771</td>\n",
       "      <td>1862.906255</td>\n",
       "      <td>8565.934384</td>\n",
       "      <td>0.000000</td>\n",
       "      <td>6135.225995</td>\n",
       "      <td>1964.359820</td>\n",
       "      <td>9631.771682</td>\n",
       "    </tr>\n",
       "    <tr>\n",
       "      <th>19</th>\n",
       "      <td>7938.621263</td>\n",
       "      <td>11006.425375</td>\n",
       "      <td>14333.489850</td>\n",
       "      <td>2206.436831</td>\n",
       "      <td>13386.962448</td>\n",
       "      <td>13654.253775</td>\n",
